4 7 1342 57 11074 4711 1696 11152 1061 
3 4 1061 6303 4114 11209 
3 6 11209 5234 698 3801 5504 11304 
1 6 11304 3474 3728 2978 1887 202 
1 6 1342 3823 11054 1791 3514 2835 
2 6 2835 4664 2829 11147 4378 1061 
2 8 11209 3713 5759 11276 4085 454 1887 202 
5 16 1061 3022 4548 2892 11160 1509 4199 3938 11131 5266 3845 3124 4578 926 11106 6031 
1 5 2737 4174 5215 4431 3938 
4 13 1342 6076 5948 10997 10979 6162 10894 1322 4774 1476 3832 1010 1891 
2 3 10933 1313 1322 
2 2 438 2155 
4 10 2155 11064 4629 2999 11076 11088 2099 5345 11075 6031 
4 2 2155 11063 
4 5 11063 6434 44 6270 171 
3 5 11304 11309 11313 2745 3110 
5 5 3551 10476 5604 2284 3410 
5 9 3410 3277 1443 10367 2129 10380 10393 10422 10421 
4 5 10476 3937 4626 2383 10421 
3 10 1476 3955 4930 4497 10741 784 10665 1037 3082 10563 
3 11 2835 2044 4672 11128 11133 2082 3880 11103 533 11101 11102 
2 5 4672 3906 5397 11194 5212 
4 5 171 911 4374 11034 166 
3 11 11034 6404 3653 3912 10943 6186 10874 10842 3099 5681 4216 
2 12 3082 5227 10519 5207 6400 10375 10338 10289 10260 10217 10191 2533 
3 49 3082 1425 3840 3161 10609 4759 4301 5377 2433 4800 10662 1999 4904 10583 4134 4017 3257 10570 1009 10612 10597 4709 1786 10578 1150 5222 2841 4665 10591 10573 4839 10585 10598 6396 10574 10568 6023 294 2548 5677 1720 730 4890 10642 317 900 10700 10701 4216 
2 7 5212 2288 5777 11213 969 3809 11231 
1 6 11102 638 4635 2259 1259 11231 
2 8 10701 280 2488 4767 10668 10681 10707 10708 
2 9 10708 2470 10772 10767 2388 5626 10804 2415 4388 
2 8 4388 2123 10893 1222 10967 5520 2722 3655 
3 15 166 11029 1090 5908 2642 2226 5912 4650 11052 4260 5332 11072 2519 11041 3655 
