
state={
	id=100
	name="STATE_100"
	provinces={
		83 107 119 133 353 406 552 619 640 729 868 1067 1130 1227 1241 1337 1344 1433 1446 1554 1578 1690 1835 1881 1940 2263 2547 2588 2692 2763 2797 2908 3109 3201 3332 3390 3438 3748 3817 3901 4011 4086 4172 4358 4445 4506 4521 4525 4534 4540 4652 4682 4802 4830 4908 5189 5255 5409 5472 5487 5509 5533 5635 5680 5752 5847 5905 5956 6097 6426 7179 7222 7244 7270 7275 7290 7301 7314 7315 7316 7363 7389 7412 7427 7431 7457 7471 7500 7506 7547 7566 7584 7615 7669 7718 7752 7776 7805 7837 7955 7956 8061 8095 8120 8121 8143 8154 8172 8173 8178 8221 8233 8239 8255 8256 8267 8268 8282 8292 8305 8306 8313 8314 8319 8344 8356 8357 8363 8382 8391 8394 8423 8424 8438 8459 8468 8496 
	}
	history = {
		owner = EMP
		add_core_of = EMP
	}
	manpower=10000
	buildings_max_level_factor=1.000
	state_category=rural
	local_supplies=0.000
}
