
state={
	id=102
	name="STATE_102"
	provinces={
		25 56 113 237 246 284 356 488 644 822 823 968 1135 1187 1296 1354 1414 1679 1702 1713 1785 2071 2093 2309 2606 2739 2758 2784 2872 2982 2989 3053 3186 3246 3304 3573 3622 4146 4272 4347 4467 4585 4720 4870 5015 5045 5304 5349 5705 5710 5791 5971 5980 6056 6074 6172 6352 6401 7131 7171 7178 7189 7196 7203 7207 7211 7221 7233 7237 7240 7252 7255 7265 7278 7289 7291 7295 7300 7311 7313 7341 7342 7357 7362 7367 7400 7401 7410 7417 7421 7430 7446 7449 7469 7489 7529 7570 
	}
	history = {
		owner = EMP
		add_core_of = EMP
	}
	manpower=10000
	buildings_max_level_factor=1.000
	state_category=rural
	local_supplies=0.000
}
