
state={
	id=108
	name="STATE_108"
	provinces={
		32 145 617 1197 1492 1931 2121 2192 2608 2614 2701 2932 2972 3116 3222 3481 3678 4121 4212 4352 4355 4394 4519 4582 5090 5128 5178 5306 5599 5906 6151 6188 6191 8412 8448 8457 8460 8472 8491 8492 8498 8499 8515 8522 8534 8547 8563 8564 8574 8575 8580 8584 8587 8606 8611 8618 8627 8630 8666 8667 8684 8690 8691 8692 8704 8711 8723 8731 8757 8774 8787 
	}
	history = {
		owner = EMP
		add_core_of = EMP
	}
	manpower=10000
	buildings_max_level_factor=1.000
	state_category=rural
	local_supplies=0.000
}
