state={
	id=109
	name="STATE_109"
	provinces={
		7 33 53 67 343 420 461 513 643 774 956 996 1044 1080 1107 1138 1204 1421 1489 1676 1689 1823 1901 1935 2026 2134 2528 2568 2632 2740 2744 2789 2868 3323 3369 3402 3475 3506 3729 3735 3796 3820 3922 3927 4004 4109 4171 4250 4268 4299 4363 4441 4733 4819 4887 4936 5021 5042 5164 5347 6079 6139 6226 7868 7916 7980 7993 8021 8103 8128 8139 8158 8168 8169 8184 8185 8203 8214 8226 8242 8243 8248 8249 8250 8270 8281 8286 8289 8297 8302 8303 8311 8315 8337 8341 8346 8362 8372 8384 8389 8395 8402 8405 8415 8422 8435 8442 8450 8467 8488 8517 8551 8552 8557 8589 8669 8706 8741 
	}
	history = {
		owner = EMP
		add_core_of = EMP
	}
	manpower = 10000
	state_category = rural
}
