state={
	id=114
	name="STATE_114"
	provinces={
		425 427 574 709 941 982 998 1327 1346 1484 1506 1551 1609 1770 1773 1844 2353 2377 2499 2700 2713 3036 3133 3320 3421 3639 3704 4149 4343 4539 4632 4754 4817 4836 5321 5383 5471 5488 5513 5516 5609 5852 5882 5939 6111 6132 6198 6408 8269 8280 8285 8333 8334 8378 8383 8404 8421 8431 8441 8462 8465 8475 8480 8497 8500 8506 8513 8516 8524 8539 8542 8543 8565 8566 8581 8585 8595 8602 8607 8619 8631 8647 8648 8656 8681 8687 8718 8732 8758 8788 8810 8822 8864 8915 
	}
	history = {
		owner = EMP
		add_core_of = EMP
	}
	manpower = 10000
	state_category = rural
}
