state={
	id=115
	name="STATE_115"
	provinces={
		66 205 723 783 943 1069 1108 1315 1614 1700 1789 2048 2227 2443 2517 2559 2581 2753 2895 3165 3311 3312 3482 3730 3794 3872 3946 4050 4256 4259 4267 4291 4785 4857 5225 5244 5267 5270 5404 5514 5556 5600 5788 5802 6020 6078 6176 6244 6288 6388 8278 8307 8335 8364 8367 8397 8398 8410 8414 8418 8425 8445 8446 8451 8456 8464 8469 8470 8490 8502 8503 8509 8520 8531 8532 8536 8550 8561 8573 8601 8624 8629 8646 8661 8662 8665 8679 8680 8689 8701 8702 8722 8727 8728 8736 8745 8756 8773 8779 8780 8786 8799 8806 8821 8830 8836 8871 8872 8923 8937 8943 
	}
	history = {
		owner = EMP
		add_core_of = EMP
	}
	manpower = 10000
	state_category = rural
}
