
state={
	id=116
	name="STATE_116"
	provinces={
		534 795 908 947 1220 1399 1515 1579 1719 2232 2475 3333 3597 3619 3760 3775 3930 3943 4283 4558 4636 5145 5361 5393 5606 5704 5771 5803 6383 6446 8369 8417 8444 8476 8477 8483 8501 8511 8518 8527 8554 8572 8577 8583 8594 8605 8609 8614 8638 8639 8653 8654 8664 8673 8694 8710 8724 8749 8766 8778 8889 
	}
	history = {
		owner = EMP
		add_core_of = EMP
	}
	manpower=10000
	buildings_max_level_factor=1.000
	state_category=rural
	local_supplies=0.000
}
