state={
	id=117
	name="STATE_117"
	provinces={
		372 716 801 1311 1880 1916 1950 2114 2486 2552 2630 2643 2755 2807 2823 2897 3037 3264 3430 3528 3541 3559 3721 4023 4057 4285 4790 4939 5082 5105 5125 5147 5283 5317 5528 5607 5623 5650 6081 6249 6341 8452 8471 8521 8537 8562 8617 8625 8650 8695 8696 8698 8703 8729 8730 8737 8768 8781 8792 8793 8800 8837 8842 8843 8859 8900 8904 8905 8950 8959 8967 9009 9018 9052 9061 9078 9088 9090 9119 
	}
	history = {
		owner = EMP
		add_core_of = EMP
	}
	manpower = 10000
	state_category = rural
}
