
state={
	id=118
	name="STATE_118"
	provinces={
		84 131 213 221 242 634 701 1008 1262 1314 1420 1434 1493 1501 1567 1685 1788 1888 1949 1973 2092 2275 2290 2541 2583 2859 2926 3153 3303 3381 3387 3432 3520 3536 3804 3815 3918 3940 3956 4014 4127 4218 4219 4318 4439 4489 4932 4987 5004 5041 5113 5218 5251 5256 5348 5500 5501 5602 5967 5973 6173 6202 6262 6296 8220 8254 8262 8272 8287 8288 8300 8318 8343 8348 8366 8368 8407 8408 8429 8432 8455 8508 8530 8570 8571 8576 8600 8622 8623 8635 8671 8672 8676 8677 8709 8715 8720 8721 8738 8744 8760 8785 8790 8791 8798 8827 8828 8835 8841 8848 8896 8903 8908 8934 8935 8942 8947 8955 8958 8975 8988 9008 9029 9030 9066 9076 9083 9109 9159 
	}
	history = {
		owner = EMP
		add_core_of = EMP
	}
	manpower=10000
	buildings_max_level_factor=1.000
	state_category=rural
	local_supplies=0.000
}
