state={
	id=119
	name="STATE_119"
	provinces={
		121 158 282 283 290 326 816 831 867 917 964 1415 1533 1894 1959 2034 2070 2218 2514 2531 2551 2563 2662 2721 2759 2923 3023 3101 3239 3271 3445 3490 3507 3511 3830 3936 4326 4399 4590 4718 4722 4753 4804 5279 5336 5356 5499 5531 5553 5696 5743 5814 5870 6059 6146 6228 6345 8326 8361 8388 8434 8493 8540 8567 8596 8597 8641 8642 8657 8668 8675 8682 8705 8712 8713 8719 8733 8734 8740 8763 8769 8770 8775 8776 8794 8795 8796 8804 8807 8823 8824 8839 8846 8847 8849 8854 8869 8882 8883 8893 8899 8901 8916 8921 8924 8997 8998 9005 9021 9022 9028 9058 9073 9126 9127 
	}
	history = {
		owner = EMP
		add_core_of = EMP
	}
	manpower = 10000
	state_category = rural
}
