state={
	id=124
	name="STATE_124"
	provinces={
		295 338 650 656 1252 1324 1811 2447 2461 2876 3289 3572 3672 3709 3785 3867 3996 4006 4175 4188 4547 4598 4634 4653 4864 4958 5305 5312 6420 8750 8771 8811 8812 8833 8865 8875 8894 8922 8925 8941 8974 8985 8986 9014 9023 9036 9041 9051 9074 9089 9091 9092 9102 9106 9138 9143 9144 9145 9168 9169 9180 9185 9193 9209 9216 9219 9224 9260 9261 9273 9276 9302 
	}
	history = {
		owner = EMP
		add_core_of = EMP
	}
	manpower = 10000
	state_category = rural
}
