state={
	id=126
	name="STATE_126"
	provinces={
		130 153 184 400 447 673 780 974 1169 1377 2033 2327 2535 2623 2717 2948 2968 2981 3250 3268 3448 3470 3544 3763 3856 4002 4181 4226 4386 4413 4434 4674 5017 5099 5120 5204 5226 5603 5712 5994 6085 6318 6336 6351 6428 8797 8816 8851 8856 8866 8906 8954 8956 8963 8964 8965 8968 8987 8999 9006 9042 9043 9055 9075 9107 9108 9113 9134 9154 9162 9170 9181 9195 9206 9210 9240 9262 9268 9288 9303 9309 9322 9327 9356 
	}
	history = {
		owner = EMP
		add_core_of = EMP
	}
	manpower = 10000
	state_category = rural
}
