state={
	id=127
	name="STATE_127"
	provinces={
		138 182 938 1221 1423 1665 1779 1885 1926 2146 2221 2253 2289 2681 3147 3184 3440 3539 4030 4078 4137 4141 4214 4266 4270 4396 4425 4658 4723 4751 4758 4840 5322 5407 5641 6158 6160 6174 8878 8912 8917 8928 8966 8977 8983 9000 9031 9032 9084 9085 9086 9094 9118 9135 9136 9137 9147 9148 9149 9156 9163 9175 9182 9196 9197 9214 9220 9225 9229 9234 9235 9243 9244 9277 9290 9296 9297 9334 9335 9342 9347 9354 9364 9395 9396 9405 9412 9431 9444 
	}
	history = {
		owner = EMP
		add_core_of = EMP
	}
	manpower = 10000
	state_category = rural
}
