state={
	id=131
	name="STATE_131"
	provinces={
		72 567 626 740 798 880 1160 1254 1301 1386 1834 1851 1991 2190 2366 2882 3003 3058 3156 3307 3754 3790 3895 3980 4321 4371 4449 4481 4517 4951 4961 5040 5057 5161 5453 5683 5721 5976 6184 6333 8957 8969 8981 8982 9016 9025 9044 9045 9065 9082 9099 9104 9114 9128 9139 9146 9157 9158 9171 9190 9200 9211 9226 9227 9252 9256 9257 9289 9294 9295 9308 9311 9312 9313 9328 9341 9346 9363 9369 9377 9394 9411 9425 9438 9447 9453 9459 9481 9498 9516 
	}
	history = {
		owner = EMP
		add_core_of = EMP
	}
	manpower = 10000
	state_category = rural
}
