state={
	id=132
	name="STATE_132"
	provinces={
		8 328 348 477 612 1209 1258 1310 1546 1613 2202 2236 2315 2365 2381 2549 2570 2676 2844 2871 2990 3489 3630 4110 4279 4875 4876 5034 5314 5364 5726 5922 5963 5984 6068 6147 6267 8949 8990 8994 9002 9017 9033 9039 9046 9047 9070 9087 9097 9123 9129 9150 9173 9174 9186 9187 9207 9247 9258 9270 9278 9305 9323 9324 9325 9337 9365 9379 9380 9390 9407 9414 9421 9432 9442 9449 9450 9457 9461 9483 9492 9579 
	}
	history = {
		owner = EMP
		add_core_of = EMP
	}
	manpower = 10000
	state_category = rural
}
