state={
	id=133
	name="STATE_133"
	provinces={
		20 210 495 1082 1095 1116 1137 1229 1416 1656 1718 1783 1871 2079 2137 2163 2172 2195 2207 2509 2810 3070 3170 3413 3690 3727 3861 3888 3989 4087 4169 4217 4295 4340 4404 4507 4769 4858 5175 5301 5507 5621 5645 5789 5862 6135 6412 6424 6443 8938 8939 8979 9003 9019 9026 9048 9057 9062 9063 9067 9071 9098 9105 9112 9120 9124 9125 9130 9140 9141 9151 9152 9164 9176 9191 9199 9202 9217 9218 9236 9249 9250 9279 9280 9281 9306 9329 9338 9345 9366 9382 9392 9422 9434 9435 9469 9472 9484 9493 
	}
	history = {
		owner = EMP
		add_core_of = EMP
	}
	manpower = 10000
	state_category = rural
}
