
state={
	id=138
	name="STATE_138"

	history={
		owner = EMP
		add_core_of = EMP

	}

	provinces={
		90 248 522 525 818 948 988 1006 1191 1231 1278 1801 1846 2185 2206 2241 2459 2465 2600 2887 2928 2973 3095 3385 3465 3687 3738 3869 3875 4463 4537 4630 4638 4641 4914 4928 5070 5078 5118 5172 5191 5433 5445 5591 5653 5701 5790 5793 5832 9167 9179 9203 9204 9208 9233 9254 9255 9282 9301 9310 9326 9331 9361 9362 9368 9375 9387 9388 9393 9398 9415 9420 9424 9443 9446 9464 9486 9487 9488 9489 9507 9522 9541 9555 9560 9569 9587 9593 9606 9628 9645 9658 9684 9689 9707 9750 
	}
	manpower=10000
	buildings_max_level_factor=1.000
	state_category=rural
	local_supplies=0.000
}
