state={
	id=139
	name="STATE_139"
	provinces={
		388 462 781 903 1157 1389 1595 1987 2256 2432 2645 2862 2971 3097 3322 3512 3664 4003 4220 4309 4350 4456 4524 4712 4741 4788 4807 4931 5092 5246 5354 5613 5643 5648 5762 5946 5999 6065 6077 6200 9194 9205 9213 9239 9251 9266 9267 9274 9283 9287 9320 9321 9351 9352 9353 9371 9399 9400 9401 9403 9404 9409 9452 9458 9470 9474 9490 9494 9496 9504 9514 9525 9530 9537 9542 9543 9571 9572 9589 9600 9603 9615 9640 9644 9681 
	}
	history = {
		owner = EMP
		add_core_of = EMP
	}
	manpower = 10000
	state_category = rural
}
