state={
	id=141
	name="STATE_141"
	provinces={
		196 288 324 376 520 764 779 806 833 861 1190 1206 1409 1444 1769 1832 1877 2158 2225 2313 2389 2491 2795 2848 3066 3092 3363 3443 3618 3966 4012 4102 4153 4271 4426 4464 4465 4569 4614 4918 5023 5181 5430 5436 5442 5611 5639 5711 5781 5818 5886 5907 5919 5933 5961 6007 6015 6189 6284 6406 8914 8918 8948 8989 9001 9035 9038 9060 9077 9096 9122 9172 9198 9221 9245 9246 9253 9263 9269 9291 9298 9299 9304 9336 9343 9348 9349 9358 9359 9370 9378 9397 9406 9413 9440 9441 9455 9456 9468 9501 9511 9517 9524 9528 9536 9538 9539 9546 9552 9558 9559 9576 9580 9582 9583 9584 9612 9617 9623 9652 9656 9662 9671 9682 9683 9694 9699 9712 9713 
	}
	history = {
		owner = EMP
		add_core_of = EMP
	}
	manpower=10000
	buildings_max_level_factor=1.000
	state_category=rural
	local_supplies=0.000
}
