state={
	id=144
	name="STATE_144"
	provinces={
		1 55 162 409 1144 1213 1219 1385 1450 1470 1522 2007 2168 2203 2204 2244 2325 2397 2589 2808 3042 3256 3531 3718 3765 3835 3910 4151 4257 4265 4398 4795 4942 5039 5277 5642 5685 5729 5761 5885 6280 9228 9241 9242 9284 9314 9315 9316 9333 9372 9389 9430 9439 9448 9460 9466 9467 9482 9491 9508 9509 9532 9535 9545 9557 9577 9578 9598 9609 9613 9622 9637 9638 9647 9674 9706 9724 9752 9797 9802 9826 
	}
	history = {
		owner = EMP
		add_core_of = EMP
	}
	manpower = 10000
	state_category = rural
}
