state={
	id=147
	name="STATE_147"
	provinces={
		41 214 330 603 792 1053 1532 1587 1599 1623 1659 1792 2083 2112 2863 2912 2920 2931 2945 2969 3181 3459 3857 4234 4247 4354 4492 4886 5441 5573 5644 5936 5977 6240 6315 6425 6429 9485 9518 9564 9586 9599 9625 9626 9627 9653 9664 9665 9666 9680 9688 9696 9715 9716 9731 9759 9767 9772 9775 9809 9817 9819 9829 9858 9888 9910 9921 9969 9982 10006 10011 10031 10046 10047 10060 10066 10069 10081 10082 10088 10098 10119 
	}
	history = {
		owner = EMP
		add_core_of = EMP
	}
	manpower = 10000
	state_category = rural
}
