
state={
	id=15
	name="STATE_15"
	provinces={
		2 4 30 37 45 88 97 179 325 363 408 441 444 502 539 584 623 629 691 707 715 835 874 894 1025 1106 1156 1194 1297 1330 1360 1412 1462 1472 1558 1564 1569 1705 1914 1936 1937 1978 2312 2334 2522 2534 2619 2653 2724 2725 2881 2986 3001 3043 3055 3180 3192 3224 3252 3291 3493 3557 3797 3849 3911 4192 4198 4209 4240 4274 4333 4337 4438 4500 4550 4699 4731 4794 4975 5020 5080 5102 5109 5196 5258 5287 5319 5374 5505 5524 5632 5672 5676 5689 5750 5766 5784 5859 6024 6133 6164 6183 11156 11165 11184 11193 11202 11203 11212 11216 11221 11224 11225 11228 11232 11234 11235 11243 11247 11249 11252 11254 11266 11272 11273 11274 11282 11284 11285 11294 11302 11306 11315 11318 11320 11323 11328 11334 11374 11390 11411 11427 
	}
	history={
		owner = GOI
		add_core_of = GOI
	}
	manpower=10000
	buildings_max_level_factor=1.000
	state_category=rural
	local_supplies=0.000
}
