state={
	id=150
	name="STATE_150"
	provinces={
		519 889 921 1172 1358 1580 1866 1869 1988 2330 2394 2575 2855 2894 2900 2992 3114 3182 3245 3259 3317 3330 3401 3437 3487 3577 3649 3742 3764 3865 4319 4383 4474 4620 4669 4911 4985 5248 5291 5605 5782 5931 6000 6053 6064 6082 6137 6220 6289 9454 9476 9477 9499 9500 9510 9533 9551 9568 9575 9596 9605 9611 9641 9650 9651 9679 9687 9693 9725 9726 9736 9742 9753 9766 9769 9778 9779 9791 9792 9803 9807 9814 9815 9818 9827 9833 9834 9842 9845 9848 9851 9860 9861 9874 9893 9896 9904 9914 9915 9923 9929 9945 9946 9958 9972 9996 10022 10023 
	}
	history = {
		owner = EMP
		add_core_of = EMP
	}
	manpower = 10000
	state_category = rural
}
