state={
	id=162
	name="STATE_162"
	provinces={
		148 268 436 628 1026 1099 1709 1753 1766 2285 2416 2626 2785 2889 3059 3152 3744 3752 3769 3836 3964 3992 4007 4292 4702 4955 5101 5106 5142 5219 5435 5749 5799 6067 6203 9841 9868 9869 9895 9899 9903 9913 9920 9937 9941 9956 9968 9977 9989 9990 9993 10005 10015 10019 10029 10034 10035 10043 10054 10061 10062 10068 10072 10084 10085 10093 10101 10104 10106 10107 10128 
	}
	history = {
		owner = EMP
		add_core_of = EMP
	}
	manpower = 10000
	state_category = rural
}
