
state={
	id=172
	name="STATE_172"
	provinces={
		5 21 176 195 217 234 254 275 319 396 463 482 578 587 627 692 768 805 878 882 888 895 965 1007 1015 1052 1076 1089 1103 1177 1208 1267 1289 1305 1370 1407 1441 1485 1535 1762 1782 1813 1847 1859 1939 2035 2059 2154 2156 2712 2998 3120 3191 3205 3294 3300 3468 3498 3564 3641 3654 3724 3908 3959 4000 4139 4263 4338 4393 4409 4436 4498 4603 4610 4616 4822 4976 4983 5051 5066 5083 5187 5249 5359 5475 5539 5570 5637 5732 5806 5833 5841 5853 5865 6008 6070 6123 6357 6407 11271 11281 11288 11298 11312 11321 11332 11336 11354 11360 11367 11378 11380 11386 11387 11388 11391 11398 11399 11400 11402 11405 11407 11409 11413 11417 11418 11420 11421 11426 11428 11433 11439 11440 11441 11446 11447 11450 11452 11455 11464 11466 11467 
	}
	history={
		owner = GOI
		add_core_of = GOI
	}
	manpower=10000
	buildings_max_level_factor=1.000
	state_category=rural
	local_supplies=0.000
}
