
state={
	id=178
	name="STATE_178"

	history={
		owner = GOI
		add_core_of = GOI

	}

	provinces={
		51 81 199 200 321 336 342 365 413 428 776 872 893 902 978 1083 1217 1372 1422 1487 1526 1620 1634 1942 2628 2665 2714 2719 2979 3088 3145 3230 3280 3308 3693 3707 3805 3819 4053 4210 4282 4287 4316 4499 4706 4881 4902 5000 5089 5096 5126 5988 6091 6182 6265 11253 11296 11297 11310 11316 11327 11329 11339 11342 11344 11345 11351 11356 11366 11371 11373 11379 11393 11396 
	}
	manpower=10000
	buildings_max_level_factor=1.000
	state_category=rural
	local_supplies=0.000
}
