
state={
	id=179
	name="STATE_179"

	impassable = yes

	history={
		owner = GOI
		add_core_of = GOI

	}

	provinces={
		111 192 490 510 573 575 608 609 671 737 850 866 886 906 949 1018 1060 1164 1165 1498 1504 1607 1644 1673 1686 1747 1809 1860 1868 1954 2085 2118 2131 2214 2237 2262 2264 2271 2317 2337 2437 2453 2468 2477 2584 2629 2729 2767 2913 2933 2958 2960 3305 3366 3394 3400 3424 3460 3469 3497 3644 3737 3766 3770 3883 3885 3894 3947 3948 3951 4008 4144 4252 4372 4405 4552 4589 4715 4844 4853 4855 4877 4910 4980 5028 5048 5075 5111 5205 5237 5295 5310 5323 5343 5422 5469 5526 5594 5634 5728 5765 5913 5926 5941 6092 6129 6180 6211 6231 6234 6260 6320 6348 6422 6430 6438 10265 10266 10283 10287 10290 10291 10294 10301 10302 10303 10304 10305 10306 10307 10317 10318 10319 10320 10322 10324 10325 10326 10335 10336 10337 10339 10340 10341 10343 10344 10345 10348 10352 10353 10354 10355 10356 10357 10359 10360 10362 10366 10370 10371 10373 10374 10379 10383 10385 10386 10387 10391 10392 10395 10397 10401 10402 10404 10409 10410 10416 10417 10420 10425 10427 10428 10429 10430 10433 10434 10436 10437 10442 10445 10448 10449 10450 10452 10453 10454 10455 10458 10459 10462 10465 10466 10475 10477 10478 10479 10481 10482 10483 10484 10485 10489 10490 10491 10492 10493 10496 10497 10504 10509 10510 10511 10516 10517 10518 10523 10524 10527 10528 10536 10540 10550 10553 10556 10557 10562 
	}
	manpower=2
	buildings_max_level_factor=1.000
	state_category=wasteland
	local_supplies=0.000
}
