
state={
	id=190
	name="STATE_190"
	impassable = yes
	provinces={
		286 484 1430 1542 1629 1790 1930 2223 2333 2439 2444 2527 2579 2780 2899 2901 3142 3207 3253 3272 3419 3688 4160 4401 4565 4571 4583 4781 4828 4988 5003 5091 5171 5292 5565 5659 5842 5957 6205 6334 6397 10593 10596 10639 10640 10656 10658 10663 10679 10690 10696 10698 10699 10704 10720 10723 10728 10729 10735 10744 10759 10761 10764 10765 10768 10774 10777 10779 10788 10798 10799 10819 10831 10841 10849 10863 10872 
	}
	history={
		owner = GOI
		add_core_of = GOI
	}
	manpower=670
	buildings_max_level_factor=1.000
	state_category=pastoral
	local_supplies=0.000
}
