
state={
	id=191
	name="STATE_191"
	impassable = yes
	provinces={
		117 127 278 306 594 695 727 749 953 991 1050 1453 1892 1905 1922 1955 2174 2649 2658 2671 2702 2716 2809 2832 2988 3135 3428 3828 3978 4168 4193 4721 4834 4866 4901 5141 5333 5490 5739 5767 5836 5900 6364 6385 6414 6415 6431 10605 10619 10624 10629 10632 10635 10654 10664 10684 10685 10688 10712 10730 10731 10736 10745 10752 10762 10766 10769 10771 10775 10778 10780 10789 10791 10792 10794 10800 10809 10820 10825 10829 10847 10850 10873 10882 10895 10896 10909 10918 10920 10921 10932 10938 10981 
	}
	history={
		owner = GOI
		add_core_of = GOI
	}
	manpower=480
	buildings_max_level_factor=1.000
	state_category=pastoral
	local_supplies=0.000
}
