
state={
	id=195
	name="STATE_195"
	impassable = yes
	provinces={
		17 86 247 296 391 395 558 667 679 790 834 975 1105 1292 1435 1447 1469 1530 1571 1697 1724 1752 1797 1799 1821 1977 2001 2805 3024 3063 3217 3464 3502 3635 3750 3969 4077 4194 4612 4663 4798 4905 5239 5268 5400 5454 5482 5530 5568 5702 5760 5903 6025 6090 6114 6134 6329 6394 10716 10725 10727 10734 10743 10748 10758 10760 10776 10782 10786 10796 10806 10811 10813 10827 10832 10839 10840 10852 10858 10862 10870 10876 10880 10881 10889 10891 10900 10903 10904 10914 10928 10936 10945 10950 10952 10959 10960 10961 10973 10976 10977 10980 10987 10991 10992 10995 11001 11013 
	}
	history={
		owner = GOI
		add_core_of = GOI
	}
	manpower=1625
	buildings_max_level_factor=1.000
	state_category=pastoral
	local_supplies=0.000
}
