
state={
	id=196
	name="STATE_196"
	provinces={
		102 197 281 503 631 708 961 1222 1282 1839 1909 1915 1982 2111 2123 2183 2400 2415 2519 2562 2722 2768 2772 3107 3185 3194 3225 3553 3655 3843 3855 3994 4005 4033 4156 4254 4310 4388 4659 4837 4899 5018 5081 5123 5332 5520 5624 5626 6037 6307 6373 10784 10790 10804 10805 10822 10823 10836 10846 10867 10877 10893 10897 10899 10911 10953 10964 10967 10984 11002 11006 11023 11028 11041 11042 11048 11067 11072 11073 11095 11097 11112 11125 11135 11140 11154 
	}
	history={
		owner = GOI
		add_core_of = GOI
		victory_points = { 4388 15 }
		victory_points = { 3655 10 }
		buildings = {
            infrastructure = 4
            industrial_complex = 2
        }
	}
	manpower=208001
	buildings_max_level_factor=1.000
	state_category=city
	local_supplies=0.000
}
