
state={
	id=197
	name="STATE_197"

	history={
		owner = GOI
		add_core_of = GOI

	}

	provinces={
		13 62 94 99 215 352 357 448 564 665 675 712 797 811 821 945 946 1677 1798 2268 2272 2280 2283 2321 2405 2560 2618 2910 3083 3200 3228 3427 3450 3595 3928 4345 4420 4786 5155 5326 5414 5880 6179 6257 6299 11357 11359 11376 11385 11403 11414 11415 11419 11424 11425 11429 11432 11442 11453 11454 11459 
	}
	manpower=10000
	buildings_max_level_factor=1.000
	state_category=rural
	local_supplies=0.000
}
