
state={
	id=199
	name="STATE_199"
	impassable = yes
	history={
		owner = GOI
		add_core_of = GOI

	}

	provinces={
		224 232 561 775 1185 1244 1295 1373 1411 1593 1693 1850 2217 2286 2287 2524 2690 2851 2934 3132 3258 3284 3321 3337 3439 3547 3747 3773 3987 4043 4251 4300 4370 4491 4508 4564 4624 4935 5019 5031 5151 5265 5363 5423 5434 5593 5669 5769 6337 10680 10686 10697 10706 10713 10714 10732 10746 10754 10755 10773 10787 10802 10803 10810 10821 10826 10834 10837 10844 10853 10859 10864 10865 10866 10890 10901 10906 10910 10912 10924 10934 10942 10944 10963 10969 10988 11003 11015 
	}
	manpower=1009
	buildings_max_level_factor=1.000
	state_category=pastoral
	local_supplies=0.000
}
