
state={
	id=200
	name="STATE_200"
	impassable = yes
	history={
		owner = GOI
		add_core_of = GOI

	}

	provinces={
		68 369 430 745 925 1248 1249 1577 1606 1902 2045 2053 2128 2359 2555 2640 2669 2898 2991 3035 3115 3279 3395 3561 3686 3771 3824 3842 3844 3852 4244 4269 4312 4360 4714 4845 4897 5223 5601 5758 5921 5925 5943 5978 10702 10733 10770 10814 10815 10830 10835 10861 10875 10883 10886 10888 10902 10919 10922 10923 10925 10926 10958 10966 10970 10975 10978 10989 
	}
	manpower=4820
	buildings_max_level_factor=1.000
	state_category=pastoral
	local_supplies=0.000
}
