
state={
	id=201
	name="STATE_201"

	history={
		owner = GOI
		add_core_of = GOI
		victory_points = { 166 20 }
		buildings = {
            infrastructure = 4
			industrial_complex = 1
        }
	}

	provinces={
		24 77 91 166 181 240 383 417 546 742 804 819 911 1090 1152 1226 1274 1390 1592 1913 1938 2056 2173 2181 2226 2393 2571 2642 2659 2811 3202 3404 3538 3975 4145 4260 4369 4374 4480 4604 4650 5052 5241 5557 5698 5908 5912 5944 6347 6404 11007 11009 11010 11019 11022 11029 11034 11050 11052 11061 11066 11071 11080 11085 11092 11093 11113 11124 11127 11137 11138 11145 11148 11168 11169 11182 11205 
	}
	manpower=99881
	buildings_max_level_factor=1.000
	state_category=town
	local_supplies=0.000
}
