state={
	id=209
	name="STATE_209"
	provinces={
		331 440 560 702 739 838 862 1073 1235 1509 1589 1728 1898 2080 2132 2278 2343 2355 2490 2578 2615 2686 2737 2845 2892 2941 2976 3124 3137 3174 3220 3375 3398 3527 3545 3605 3741 3813 3845 3862 3938 4174 4199 4236 4431 4478 4755 4765 4784 4900 4929 4960 4972 5012 5068 5084 5094 5107 5215 5266 5344 5451 5508 5567 5664 5678 5759 5775 6054 6230 6298 11004 11039 11069 11084 11098 11105 11108 11110 11118 11119 11130 11131 11146 11155 11157 11160 11162 11172 11173 11175 11189 11192 11200 11210 11211 11214 11217 11219 11226 11262 11265 11270 11277 11289 11305 
	}
	history = {
		owner = GOI
		add_core_of = GOI
		victory_points = { 2737 10 }
		buildings = {
            infrastructure = 3
        }
	}
	manpower = 120561
	state_category = town
}
