
state={
	id=210
	name="STATE_210"

	history={
		owner = GOI
		add_core_of = GOI
		victory_points = { 438 10 }
		buildings = {
            infrastructure = 3
        }
	}

	provinces={
		44 98 167 171 366 438 468 669 733 913 927 1013 1145 1256 1341 1397 1529 1576 1738 1932 2043 2155 2211 2435 2492 2704 2769 2783 2799 2903 2999 3162 3243 3266 3712 3827 3944 3960 3983 4128 4221 4286 4572 4629 4792 4872 4957 5025 5159 5360 5579 5580 5590 5679 5878 5915 6216 6270 6325 6332 6353 6434 11014 11047 11063 11064 11077 11078 11091 11094 11116 11120 11123 11126 11136 11141 11150 11166 11176 11178 11179 11181 11191 11195 11196 11201 11204 11218 11220 11227 11229 11241 11244 11246 11256 11259 11260 11267 11280 11283 11286 
	}
	manpower=91020
	buildings_max_level_factor=1.000
	state_category=town
	local_supplies=0.000
}
