
state={
	id=22
	name="STATE_22"
	provinces={
		38 105 267 493 580 747 873 957 960 1017 1023 1246 1340 1573 1727 1933 1947 2116 2467 2472 2679 2860 3072 3117 3407 3581 3826 4246 4773 4823 4909 5117 5195 5300 5629 5823 6060 6071 6153 6165 6193 6386 6480 6482 6490 6511 6514 6515 6533 6555 6578 6582 6591 6602 6611 6618 6650 6675 6682 6683 6725 6795 6810 
	}
	history = {
		owner = EMP
		add_core_of = EMP
	}
	manpower=10000
	buildings_max_level_factor=1.000
	state_category=rural
	local_supplies=0.000
}
