state={
	id=23
	name="STATE_23"
	provinces={
		22 112 150 152 255 334 359 556 710 857 875 877 1239 1317 1605 1635 1802 2014 2072 2297 2320 2354 2395 2450 2494 2543 2565 2687 2775 2781 2801 2935 2942 2994 3064 3163 3176 3543 3563 3589 3818 3834 3886 3896 4044 4324 4495 4808 5124 5586 5707 6221 6264 6349 6474 6483 6491 6564 6569 6583 6603 6620 6627 6642 6651 6653 6659 6684 6686 6708 6729 6763 6777 6799 6823 6855 
	}
	history = {
		owner = EMP
		add_core_of = EMP
	}
	manpower = 10000
	state_category = rural
}
