
state={
	id=30
	name="STATE_30"
	provinces={
		49 58 65 79 170 173 194 301 476 583 687 713 852 865 932 984 1031 1193 1240 1556 1596 1934 1981 2126 2350 2498 2526 2620 2699 2710 2787 2813 3011 3420 3495 4013 4062 4165 4201 4248 4375 4574 4586 4724 4736 4916 5001 5202 5386 5876 6495 6496 6519 6528 6581 6587 6608 6616 6636 6656 6690 6694 6698 6703 6752 6758 6760 6782 6794 6798 6835 
	}
	history = {
		owner = EMP
		add_core_of = EMP
	}
	manpower=10000
	buildings_max_level_factor=1.000
	state_category=rural
	local_supplies=0.000
}
