
state={
	id=44
	name="STATE_44"
	provinces={
		149 201 344 481 548 549 597 601 693 767 871 898 1065 1077 1136 1230 1290 1514 1617 1630 1652 2050 2222 2489 2733 2840 2850 2884 3068 3138 3367 3779 3839 3926 3953 4037 4133 4390 4522 4850 4873 4952 5334 5375 5660 5753 6190 6276 6305 6313 6432 6679 6716 6765 6786 6787 6821 6827 6851 6898 6930 6941 6966 6974 7002 7011 7031 7039 7099 7103 7112 7125 7127 7132 
	}
	history = {
		owner = EMP
		add_core_of = EMP
	}
	manpower=10000
	buildings_max_level_factor=1.000
	state_category=rural
	local_supplies=0.000
}
