
state={
	id=46
	name="STATE_46"
	provinces={
		35 95 135 137 160 161 188 382 485 511 646 884 934 1049 1051 1180 1264 1277 1439 1445 1519 1750 1917 1946 2120 2164 2308 2387 2742 3000 3016 3091 3171 3179 3262 3685 3874 3999 4019 4058 4315 4677 4806 4924 5032 5156 5177 5485 5735 5754 5825 5863 6058 6072 6119 6163 6242 6295 6450 6451 6470 6476 6484 6500 6501 6518 6529 6532 6540 6556 6557 6562 6584 6599 6612 6614 6657 6713 
	}
	history = {
		owner = EMP
		add_core_of = EMP
	}
	manpower=10000
	buildings_max_level_factor=1.000
	state_category=rural
	local_supplies=0.000
}
