state={
	id=47
	name="STATE_47"
	provinces={
		52 252 258 421 446 480 507 529 545 551 563 605 720 769 800 846 909 1002 1032 1097 1112 1119 1179 1205 1265 1326 1328 1477 1483 1544 1699 1774 1781 1806 1814 1858 1867 1910 1975 1980 1996 1998 2036 2197 2248 2277 2360 2423 2425 2452 2708 2896 2906 3030 3074 3100 3131 3141 3151 3328 3355 3457 3523 3643 3659 3731 3915 3961 3979 4051 4152 4189 4317 4514 4660 4692 4701 4917 5011 5033 5103 5209 5229 5242 5368 5461 5481 5496 5595 5656 5658 5822 5898 5969 6041 6272 6311 6632 6661 6666 6678 6699 6724 6731 6737 6746 6751 6753 6759 6764 6768 6791 6800 6808 6824 6836 6867 6877 6883 6902 6917 6922 6926 6927 6935 6944 6957 6961 6965 6973 6982 6989 6993 7018 7020 7021 7062 7069 7074 7083 7095 7114 7122 7123 7138 7142 7147 7148 7158 7184 7193 7208 7234 
	}
	history = {
		owner = EMP
		add_core_of = EMP
	}
	manpower = 10000
	state_category = rural
}
