state={
	id=48
	name="STATE_48"
	provinces={
		85 239 407 540 663 782 856 1004 1098 1253 1280 1378 1417 1448 1499 1597 1670 1682 1712 1726 1808 1882 1925 2016 2101 2300 2466 2532 2637 2858 2983 3112 3334 3340 3342 3458 3467 3471 3483 3525 3993 4074 4097 4450 4457 4913 4977 5119 5203 5262 5452 5465 6098 6104 6120 6154 6227 6238 6439 6442 6681 6723 6732 6738 6766 6767 6770 6778 6790 6796 6804 6809 6812 6822 6841 6853 6857 6863 6879 6882 6895 6911 6918 6947 6950 6952 6977 6992 7006 7026 7040 7065 7081 7088 7129 
	}
	history = {
		owner = EMP
		add_core_of = EMP
	}
	manpower = 10000
	state_category = rural
}
