
state={
	id=49
	name="STATE_49"
	provinces={
		128 147 219 228 528 717 789 1021 1127 1332 1729 1744 2167 2282 2496 2556 2736 2839 2890 2924 2949 3122 3143 3519 3548 3665 3871 3899 4142 4362 4367 4414 4778 5139 5286 5464 5831 5867 5873 5889 5897 6026 6734 6747 6801 6815 6829 6837 6856 6869 6891 6907 6909 6931 6932 6945 6983 6986 6994 7010 7022 7023 7053 7067 7120 7154 7165 7230 7266 
	}
	history = {
		owner = EMP
		add_core_of = EMP
	}
	manpower=10000
	buildings_max_level_factor=1.000
	state_category=rural
	local_supplies=0.000
}
