state={
	id=56
	name="STATE_56"
	provinces={
		78 204 367 387 398 527 562 674 726 732 736 1151 1195 1203 1251 1361 1419 1468 1566 1748 1856 1908 1911 2011 2298 2479 2603 2641 2678 2682 2788 2904 2921 2974 3017 3021 3282 3327 3516 3666 3696 3786 3831 3898 3990 4054 4131 4208 4289 4448 4470 4815 5098 5198 5402 5809 5820 6136 6214 6293 6826 6846 6852 6875 6880 6901 6910 6925 6929 6936 6962 6969 6999 7012 7025 7032 7034 7035 7045 7051 7056 7071 7087 7100 7101 7117 7134 7141 7149 7156 7176 7190 7194 7204 7218 7225 7250 7251 7327 
	}
	history = {
		owner = EMP
		add_core_of = EMP
	}
	manpower = 10000
	state_category = rural
}
