state={
	id=57
	name="STATE_57"
	provinces={
		110 222 251 410 829 1094 1325 1398 1543 1588 1889 2000 2074 2199 2296 2399 2473 2667 2680 2691 2796 2843 2870 3090 3261 3435 3612 3821 3829 3913 3952 4735 4789 4915 5085 5086 5115 5272 5318 5589 5737 5861 5894 5916 6117 6187 6201 6896 6912 6923 6939 6959 6984 6998 7015 7046 7059 7066 7072 7091 7105 7135 7136 7137 7143 7151 7187 7209 7214 7268 7273 7320 7321 7361 7409 
	}
	history = {
		owner = EMP
		add_core_of = EMP
	}
	manpower = 10000
	state_category = rural
}
