state={
	id=59
	name="STATE_59"
	provinces={
		92 259 318 340 411 544 621 668 714 741 859 979 995 1019 1020 1300 1454 1759 2210 2220 2318 2401 2462 2536 2573 2647 2756 2806 3160 3269 3295 3326 3550 3751 3778 4163 4278 4356 4528 4536 4555 4557 4568 4661 4849 4888 4962 5114 5182 5284 5302 5328 5330 5373 5431 5439 5447 5571 5715 5807 5881 5947 6093 6237 6958 6997 7029 7043 7049 7075 7085 7089 7098 7119 7124 7144 7172 7197 7216 7223 7246 7247 7249 7256 7257 7267 7271 7276 7277 7283 7294 7317 7325 7347 7350 7354 7358 7373 7376 7381 7394 7406 7407 7418 7423 7426 7452 7453 7465 7477 7478 7491 7521 
	}
	history = {
		owner = EMP
		add_core_of = EMP
	}
	manpower = 10000
	state_category = rural
}
