state={
	id=67
	name="STATE_67"
	provinces={
		456 466 492 570 928 1062 1088 1126 1143 1236 1507 1643 1865 2187 2193 2233 2512 2631 2707 2816 2996 3129 3144 3209 3423 3546 3675 3900 3939 4094 4119 4373 4484 4515 4667 4696 4827 5097 5316 5474 5569 5667 5688 5776 5856 5875 5877 6001 6017 6106 6149 6192 6331 7163 7180 7185 7226 7232 7261 7284 7312 7332 7337 7338 7339 7355 7364 7383 7390 7397 7402 7408 7428 7454 7455 7460 7493 7494 7504 7525 7539 7545 7578 7579 7600 7603 7642 7691 7712 7723 7768 7807 7819 7906 
	}
	history = {
		owner = EMP
		add_core_of = EMP
	}
	manpower = 10000
	state_category = rural
}
