
state={
	id=68
	name="STATE_68"
	provinces={
		74 266 355 380 535 572 606 652 851 1040 1121 1655 1735 1768 2002 2180 2709 2779 2803 3219 3247 3556 3610 3656 3743 3780 4777 5065 5341 5371 5552 6052 6156 6366 7054 7070 7104 7115 7133 7139 7155 7174 7175 7181 7198 7200 7217 7231 7235 7238 7258 7287 7318 7330 7331 7345 7359 7360 7374 7377 7382 7422 7424 
	}
	history = {
		owner = EMP
		add_core_of = EMP
	}
	manpower=10000
	buildings_max_level_factor=1.000
	state_category=rural
	local_supplies=0.000
}
