state={
	id=69
	name="STATE_69"
	provinces={
		27 164 272 494 550 591 706 1451 1480 1531 1563 1572 1618 1642 1657 1743 1863 1890 1970 1979 2029 2040 2279 2434 2480 2651 2674 2711 2728 2869 3348 3466 3562 3609 3626 3708 3917 3925 3995 4028 4178 4361 4549 4561 4594 4609 4697 4826 5030 5131 5199 5264 5390 5418 5443 5751 5819 5835 5896 6177 6178 6196 6342 7145 7150 7199 7213 7227 7272 7281 7304 7319 7328 7346 7351 7352 7353 7369 7391 7398 7403 7404 7435 7436 7441 7456 7461 7481 7482 7495 7510 7513 7515 7532 7540 7549 7550 7568 7586 7587 7590 7595 7618 7633 7639 7660 7668 7684 7685 7686 7692 7709 7735 7736 7743 7744 7763 7829 7851 7873 7883 7907 
	}
	history = {
		owner = EMP
		add_core_of = EMP
	}
	manpower = 10000
	state_category = rural
}
