
state={
	id=71
	name="STATE_71"
	provinces={
		142 297 592 653 955 1123 1698 1855 2003 2178 2604 2675 3119 3237 3339 3351 3408 3517 3711 3976 4566 4861 5298 5462 5551 5618 5661 5673 5720 5757 5808 5811 6115 6324 6368 7260 7305 7333 7334 7365 7375 7399 7415 7442 7445 7474 7485 7496 7526 7533 7558 7569 7573 7613 7651 7652 7654 7679 7680 7701 7714 7720 7730 7731 7755 7773 7825 7847 
	}
	history = {
		owner = EMP
		add_core_of = EMP
	}
	manpower=10000
	buildings_max_level_factor=1.000
	state_category=rural
	local_supplies=0.000
}
