
state={
	id=79
	name="STATE_79"
	provinces={
		129 379 630 1063 1072 1245 1431 1568 1622 1648 1708 1780 1976 2361 2376 2569 2592 2685 2818 3031 3364 3372 3492 3565 3667 3691 3694 3945 4064 4253 4535 4775 4820 4967 4998 4999 5061 5137 5228 5440 5491 5503 5763 5796 5864 5910 5918 5942 5952 6028 6403 6409 7444 7516 7536 7556 7557 7565 7580 7625 7627 7634 7670 7687 7713 7719 7728 7729 7745 7754 7782 7783 7792 7799 7800 7804 7810 7830 7832 7833 7840 7864 7874 7901 7929 7939 7947 7959 7960 7969 7986 7989 7990 7991 8000 8005 8033 8042 8044 8045 
	}
	history = {
		owner = EMP
		add_core_of = EMP
	}
	manpower=10000
	buildings_max_level_factor=1.000
	state_category=rural
	local_supplies=0.000
}
