
state={
	id=81
	name="STATE_81"
	provinces={
		69 506 883 940 1276 1539 1717 1899 2057 2157 2267 2367 2373 2508 2693 2854 2930 3078 3121 3167 3235 3692 3762 3814 4136 4206 4231 4245 4322 4766 5185 5192 5353 5517 5935 5968 7790 7911 7912 7919 7942 7953 7964 7968 8011 8019 8030 8031 8051 8064 8075 8084 8100 8110 8122 8180 8182 8187 8223 8224 8228 8235 8274 8283 8331 8332 8392 8401 8449 8473 8505 8523 8559 
	}
	history = {
		owner = EMP
		add_core_of = EMP
	}
	manpower=10000
	buildings_max_level_factor=1.000
	state_category=rural
	local_supplies=0.000
}
