
state={
	id=85
	name="STATE_85"

	history={
		owner = GOI
		add_core_of = GOI

	}

	provinces={
		98 167 669 733 913 1013 1145 1397 1529 1738 1932 2492 2704 2769 2903 3243 3266 3827 3944 3983 4128 4286 4572 4792 4872 4957 5025 5360 5579 5580 5590 5679 5878 6325 11166 11176 11178 11179 11181 11191 11195 11196 11201 11204 11218 11220 11227 11229 11241 11244 11246 11256 11259 11260 11267 11280 11283 11286 
	}
	manpower=28511
	buildings_max_level_factor=1.000
	state_category=rural
	local_supplies=0.000
}
