state={
	id=88
	name="STATE_88"
	provinces={
		526 589 670 753 879 958 962 1110 1111 1303 1308 1491 1603 1671 1810 1941 2008 2065 2198 2539 2558 2822 2947 3275 3349 3380 3476 3529 3533 3614 3715 3757 3774 3859 3963 4297 4442 4509 4605 4619 4647 4651 4805 5116 5338 5358 5388 5523 6089 7458 7464 7501 7502 7524 7548 7577 7601 7612 7617 7658 7702 7748 7860 7878 7910 7921 7951 7957 7972 8010 8015 8050 8056 8063 8074 8078 8096 8097 8146 8155 8161 8162 8166 8193 8205 8222 8257 8258 8279 8293 8308 8320 8345 
	}
	history = {
		owner = EMP
		add_core_of = EMP
	}
	manpower = 10000
	state_category = rural
}
