state={
	id=92
	name="STATE_92"
	provinces={
		378 384 516 541 635 657 954 999 1001 1178 1201 1266 1353 1366 1463 1475 1624 1662 2020 2023 2047 2229 2370 2419 2544 2638 2715 2849 2955 3007 3014 3069 3309 3361 3509 3526 3571 3599 3629 3638 3697 3705 4122 4155 4239 4261 4275 4351 4418 4443 4579 4673 4729 4811 4835 4848 5046 5188 5190 5327 5598 5631 5920 6039 6268 6294 6328 7505 7519 7541 7552 7575 7582 7592 7597 7605 7606 7619 7626 7628 7640 7646 7689 7705 7710 7724 7737 7756 7760 7769 7771 7772 7774 7784 7795 7801 7814 7821 7853 7949 7974 7981 7994 7996 8001 8023 8024 8034 8035 8047 8048 8054 8067 8087 8094 8107 8112 8113 8118 8150 8151 8152 8170 8191 8194 8195 8196 8204 8211 8238 8251 8252 8253 8275 8290 8298 8312 8338 8347 8373 8379 8436 
	}
	history = {
		owner = EMP
		add_core_of = EMP
	}
	manpower=10000
	buildings_max_level_factor=1.000
	state_category=rural
	local_supplies=0.000
}
