state={
	id=93
	name="STATE_93"
	provinces={
		43 71 236 312 368 394 500 683 845 896 905 985 1068 1168 1460 1505 1508 1631 1641 1680 1756 1817 1884 1960 2068 2208 2269 2306 2342 2358 2368 2624 2770 2793 2939 2964 2965 3025 3050 3062 3102 3189 3199 3204 3315 3370 3452 3461 3515 3558 3623 3699 3784 3941 4118 4138 4305 4473 4621 4622 4708 4732 4746 4763 4813 4833 4869 5010 5067 5073 5146 5148 5460 5558 5655 5748 5851 5872 5993 6122 6197 6218 6219 6250 6279 6370 6376 7488 7520 7576 7593 7598 7620 7629 7656 7672 7682 7694 7697 7716 7717 7725 7738 7796 7815 7841 7842 7843 7854 7858 7859 7867 7869 7875 7895 7896 7897 7908 7909 7913 7970 7975 7982 8002 8008 8013 8025 8036 8037 8068 8088 8089 8131 8132 8133 8164 8171 8181 8192 8218 8230 8244 8276 8277 8291 8316 8317 8327 8339 8350 8354 8355 8374 8380 8390 
	}
	history = {
		owner = EMP
		controller = EMP
	}
	manpower=10000
	buildings_max_level_factor=1.000
	state_category=rural
	local_supplies=0.000
}
