
state={
	id=96
	name="STATE_96"
	provinces={
		100 183 445 853 1383 1481 1550 1565 1883 2138 2403 2429 2483 2826 2866 3324 3411 3494 4408 4516 4530 4670 4725 4730 4862 5483 5562 5871 5914 6049 6069 6127 6181 6204 7765 7836 7880 7882 7926 7932 7976 7985 7995 8009 8027 8039 8049 8060 8072 8073 8081 8082 8114 8119 8134 8153 8160 8186 8197 8215 8216 8266 8323 8396 8409 
	}
	history = {
		owner = EMP
		add_core_of = EMP
	}
	manpower=10000
	buildings_max_level_factor=1.000
	state_category=rural
	local_supplies=0.000
}
