state={
	id=99
	name="STATE_99"
	provinces={
		144 175 220 332 728 1192 1281 2246 2385 2414 2650 2833 2963 3382 3441 3524 3585 3891 4447 4698 4752 4796 4831 4906 5016 5232 5723 5888 5996 6029 6157 6225 7715 7759 7770 7786 7793 7811 7812 7823 7834 7852 7857 7881 7886 7890 7915 7920 7924 7961 7962 8012 8046 8070 8117 8163 8167 8207 8237 8296 8340 8433 8466 8486 8487 8582 8588 8628 
	}
	history = {
		owner = EMP
		add_core_of = EMP
	}
	manpower=10000
	buildings_max_level_factor=1.000
	state_category=rural
	local_supplies=0.000
}
